I (A)	      B (T)	M (A/M)	    H (A/M)
0,012626263	0,043	34098,06023	120,2525298
0,012545325	0,043	34098,83109	119,4816716
0,012626263	0,043	34098,06023	120,2525298
0,013003957	0,044	34890,23779	123,8496873
0,017361094	0,046	36440,28985	165,3470588
0,019438496	0,048	38012,0541	185,1322396
0,020922359	0,05	39589,47122	199,2645504
0,023525848	0,053	41951,99975	224,0601741
0,023593301	0,053	41951,35732	224,7026012
0,024186841	0,054	42741,47916	230,3554712
0,025171559	0,054	42732,1007	239,7339299
0,030840875	0,057	45065,43029	293,7284912
0,031209474	0,061	48245,01861	297,2390323
0,031414258	0,062	49038,84297	299,1893933
0,031250442	0,061	48244,62843	297,6292131
0,033011589	0,064	50615,17942	314,4023719
0,033339249	0,065	51407,8335	317,5230038
0,034035536	0,066	52196,97677	324,1544483
0,033707877	0,066	52200,0974	321,0338165
0,03456798	0,066	52191,90578	329,2254412
0,035714775	0,068	53772,53313	340,147517
0,036697754	0,068	53763,17124	349,5094126
0,037844578	0,07	55343,79832	360,43176
0,038868497	0,071	56129,82123	370,1835649
0,041325931	0,076	60085,29021	393,5881682
0,042390818	0,077	60870,92294	403,7301539
0,042186035	0,077	60872,8733	401,7797929
0,042472755	0,078	61665,91729	404,5105155
0,042718478	0,079	62459,35174	406,8507858
0,043169014	0,079	62455,06083	411,1416886
0,047305715	0,083	65598,76175	450,5396321
0,048165819	0,086	67977,89427	458,7312568
0,048534418	0,087	68770,15845	462,241798
0,048247726	0,088	69568,66361	459,5113469
0,049230706	0,088	69559,30172	468,8732425
0,049271646	0,089	70354,68652	469,2631518
0,050541345	0,091	71934,14334	481,3557701
0,050705161	0,092	72728,35787	482,9159502
0,050869005	0,092	72726,79742	484,4764019
0,050541345	0,092	72729,91805	481,3557701
0,050950913	0,092	72726,01733	485,256492
0,050664221	0,092	72728,74778	482,5260409
0,050172717	0,092	72733,42886	477,8449574
0,05103282	0,092	72725,23724	486,0365821
0,051442388	0,092	72721,33652	489,9373041
0,051196665	0,093	73519,4515	487,5970338
0,050869005	0,093	73522,57214	484,4764019
0,051974832	0,093	73512,04024	495,0082969
0,054063666	0,096	75879,47033	514,9023591
0,054432294	0,1	79059,05837	518,4131718
0,059101411	0,102	80606,13914	562,8818366
0,0626647	0,112	88529,94952	596,8186065
0,066146082	0,114	90088,34228	629,9752862
0,068726392	0,123	97225,73984	654,5501604
0,069914156	0,128	101193,3012	665,8624171
0,070241815	0,128	101190,1805	668,9830489
0,070037031	0,129	101987,9056	667,0326879
0,070979043	0,13	102774,7086	676,0044028
0,071265734	0,131	103567,7529	678,7348538
0,071839146	0,131	103562,2917	684,1960275
0,071921054	0,132	104357,2863	684,9761176
0,072863094	0,132	104348,3143	693,9481039
0,077368366	0,138	109080,0544	736,8563171
0,079743892	0,146	115423,6276	759,4808303
0,080194428	0,147	116215,1114	763,7717331
0,083511994	0,152	120162,3885	795,3682327
0,086314793	0,154	121727,2441	822,0620846
0,086585775	0,16	126499,3115	824,6429257
0,087127798	0,16	126494,1493	829,8051508
0,089702321	0,162	128061,179	854,3249055
0,093089878	0,169	133599,3389	886,5879979
0,095664429	0,173	136757,9178	911,1080241
0,095528924	0,175	138350,7577	909,8174679
0,097154935	0,176	139131,0463	925,3036002
0,100542492	0,179	141486,1074	957,5666926
0,100406986	0,182	143874,7221	956,2761363
0,10122002	0,183	144662,7535	964,019474
0,108672606	0,194	153345,2969	1034,997897
0,110027634	0,195	154128,1663	1047,903188
0,109350106	0,196	154930,3938	1041,450407
0,108808111	0,196	154935,5558	1036,288453
0,108808111	0,196	154935,5558	1036,288453
0,108808111	0,196	154935,5558	1036,288453
0,108943617	0,196	154934,2652	1037,57901
0,118835277	0,205	162002,0295	1131,787174
0,123306822	0,216	170712,9644	1174,374174
0,124797356	0,216	170698,7685	1188,570021
0,123171316	0,216	170714,2549	1173,083618
0,123984322	0,217	171502,2866	1180,826684
0,130081936	0,221	174627,3118	1238,900359
0,13292747	0,227	179374,8592	1266,001226
0,138483061	0,234	184892,3707	1318,912676
0,140380084	0,237	187261,6276	1336,979921
0,142819101	0,24	189625,7226	1360,209119
0,145664664	0,243	191985,9456	1387,310258
0,147697192	0,245	193558,1372	1406,668059
0,148781209	0,247	195139,3625	1416,992238
0,149729749	0,248	195926,1033	1426,026132
0,155556295	0,253	199849,4849	1481,518151
0,156911323	0,256	202223,9037	1494,423442
0,158401829	0,259	204597,0323	1508,619018
0,160840903	0,26	205369,5773	1531,84876
0,161247392	0,262	206957,2553	1535,720157
0,16192492	0,263	207746,5772	1542,172938
0,163821943	0,265	209320,0594	1560,240183
0,165718966	0,266	210097,7669	1578,307428
0,167480483	0,268	211672,5396	1595,084117
0,169377505	0,27	213246,0218	1613,151362
0,172494079	0,273	215603,6637	1642,833613
0,172765062	0,274	216396,8576	1645,414454
0,173578068	0,275	217184,8892	1653,15752
0,173984585	0,276	217976,7923	1657,029189
0,174662114	0,277	218766,1142	1663,48197
0,175746102	0,278	219551,565	1673,805878
0,175068602	0,278	219558,0175	1667,353368
0,174797619	0,278	219560,5984	1664,772527
0,174797619	0,278	219560,5984	1664,772527
0,176152591	0,278	219547,6936	1677,677275
0,179540176	0,279	220311,205	1709,940639
0,183334222	0,284	224253,9441	1746,075129
0,189567341	0,29	228969,2281	1805,43936
0,193090376	0,293	231322,9989	1838,992737
0,194851893	0,296	233693,5464	1855,769425
0,199729984	0,3	236830,1863	1902,228365
0,201762484	0,304	239993,9276	1921,585895
0,205556529	0,306	241549,3425	1957,720385
0,208944115	0,309	243904,4033	1989,983749
0,21206066	0,313	247057,8202	2019,665728
0,212196166	0,314	247852,3044	2020,956285
0,211789649	0,314	247856,176	2017,084616
0,213009172	0,314	247844,5613	2028,699351
0,2136867	0,315	248633,8832	2035,152132
0,215583694	0,317	250207,3657	2053,219106
0,215854706	0,317	250204,7846	2055,800218
0,217345211	0,318	250986,3637	2069,995794
0,218835746	0,32	252563,7173	2084,191642
0,219784257	0,32	252554,6837	2093,225264
0,221952291	0,322	254125,5848	2113,873622
0,22628836	0,326	257267,3869	2155,170336
0,228591899	0,327	258041,2227	2177,10925
0,227507882	0,328	258847,3216	2166,785071
0,227372377	0,328	258848,6122	2165,494515
0,226694877	0,328	258855,0647	2159,042005
0,230217911	0,328	258821,5113	2192,595382
0,240380582	0,335	264295,145	2289,38466
0,24146457	0,341	269059,4694	2299,708567
0,241600076	0,341	269058,1788	2300,999123
0,24376811	0,341	269037,5305	2321,64748
0,246749178	0,344	271396,4629	2350,039176
0,250272241	0,347	273750,2334	2383,592824
0,250949713	0,348	274539,5559	2390,045063
0,251627241	0,348	274533,1031	2396,497844
0,253524264	0,35	276106,5853	2414,565089
0,255150304	0,351	276886,8736	2430,051493
0,256098815	0,352	277673,6147	2439,085115
0,258673309	0,354	279240,6447	2463,604598
0,259486372	0,356	280824,4505	2471,348207
0,264364435	0,356	280777,9918	2517,806876
0,266261457	0,361	284738,7982	2535,874121
0,267345446	0,362	285524,249	2546,198028
0,26720994	0,362	285525,5395	2544,907472
0,267887469	0,362	285519,0867	2551,360253
0,276288623	0,369	291009,4972	2631,372842
0,276288623	0,369	291009,4972	2631,372842
0,276830617	0,37	291800,1099	2636,534795
0,276830617	0,37	291800,1099	2636,534795
0,276695111	0,37	291801,4005	2635,244239
0,280404512	0,373	294153,3963	2670,572572
0,281632531	0,373	294141,7006	2682,268222
0,282451238	0,374	294929,678	2690,065593
0,283679314	0,374	294917,9818	2701,761785
0,282451238	0,374	294929,678	2690,065593
0,282860578	0,374	294925,7794	2693,964142
0,282860578	0,374	294925,7794	2693,964142
0,283679314	0,374	294917,9818	2701,761785
0,285316615	0,376	296493,9376	2717,355441
0,285316615	0,377	297289,7123	2717,355441
0,285726012	0,376	296490,0385	2721,254534
0,285726012	0,377	297285,8132	2721,254534
0,289410295	0,377	297250,7241	2756,343654
0,294322484	0,383	301978,5887	2803,127337
0,294731881	0,383	301974,6896	2807,02643
0,296778578	0,385	303546,7463	2826,519179
0,298415879	0,386	304326,9273	2842,112835
0,302509275	0,389	306675,266	2881,098333
0,304146861	0,39	307455,4443	2896,694704
0,304556258	0,39	307451,5452	2900,593797
0,306602955	0,392	309023,6019	2920,086546
0,307421463	0,392	309015,8064	2927,882016
0,311105747	0,394	310572,2668	2962,971136
0,312333652	0,396	312152,1216	2974,665699
0,314789746	0,397	312924,5045	2998,057541
0,315608539	0,399	314508,2557	3005,855727
0,316427332	0,399	314500,4576	3013,653912
0,316836729	0,4	315292,3332	3017,553005
0,319292823	0,401	316064,7161	3040,944847
0,319292823	0,401	316064,7161	3040,944847
0,320930124	0,404	318436,4465	3056,538503
0,322567425	0,404	318420,8529	3072,132159
0,323795615	0,404	318409,1556	3083,829437
0,325432916	0,406	319985,1114	3099,423093
0,325842313	0,407	320776,987	3103,322186
0,326661106	0,407	320769,1888	3111,120372
0,327479614	0,407	320761,3933	3118,915842
0,3291172	0,408	321541,5717	3134,512213
0,330345105	0,41	323121,4266	3146,206777
0,331573294	0,411	323905,504	3157,904055
0,335257293	0,413	325461,967	3192,99046
0,338532181	0,415	327022,3264	3224,180487
0,339760085	0,417	328602,1813	3235,87505
0,339350974	0,417	328606,0777	3231,978673
0,341397671	0,417	328586,5849	3251,471422
0,340988275	0,417	328590,484	3247,572329
0,341807068	0,418	329378,4605	3255,370514
0,340988275	0,418	329386,2587	3247,572329
0,340578878	0,418	329390,1578	3243,673236
0,340988275	0,418	329386,2587	3247,572329
0,341397671	0,418	329382,3596	3251,471422
0,340988275	0,418	329386,2587	3247,572329
0,341397671	0,418	329382,3596	3251,471422
0,341397671	0,418	329382,3596	3251,471422
0,341397671	0,418	329382,3596	3251,471422
0,340988275	0,418	329386,2587	3247,572329
0,341397671	0,418	329382,3596	3251,471422
0,340988275	0,418	329386,2587	3247,572329
0,341807068	0,418	329378,4605	3255,370514
0,340988275	0,418	329386,2587	3247,572329
0,341807068	0,418	329378,4605	3255,370514
0,340988275	0,418	329386,2587	3247,572329
0,341397671	0,418	329382,3596	3251,471422
0,341397671	0,418	329382,3596	3251,471422
0,340578878	0,418	329390,1578	3243,673236
0,341807068	0,418	329378,4605	3255,370514
0,340988275	0,418	329386,2587	3247,572329
0,341397671	0,418	329382,3596	3251,471422
0,340988275	0,418	329386,2587	3247,572329
0,340988275	0,418	329386,2587	3247,572329
0,341807068	0,418	329378,4605	3255,370514
0,341397671	0,418	329382,3596	3251,471422
0,340578878	0,418	329390,1578	3243,673236
0,340578878	0,418	329390,1578	3243,673236
0,340988275	0,418	329386,2587	3247,572329
0,340578878	0,418	329390,1578	3243,673236
0,340578878	0,418	329390,1578	3243,673236
0,341397671	0,418	329382,3596	3251,471422
0,341807068	0,418	329378,4605	3255,370514
0,341397671	0,418	329382,3596	3251,471422
0,340169482	0,418	329394,0569	3239,774143
0,341397671	0,418	329382,3596	3251,471422
0,340988275	0,418	329386,2587	3247,572329
0,340988275	0,418	329386,2587	3247,572329
0,340578878	0,418	329390,1578	3243,673236
0,341397671	0,418	329382,3596	3251,471422
0,33566669	0,418	329436,9415	3196,889553
0,332391802	0,415	327080,8074	3165,699525
0,332391802	0,415	327080,8074	3165,699525
0,331982406	0,415	327084,7065	3161,800433
0,325842313	0,414	326347,41	3103,322186
0,325432916	0,412	324759,7597	3099,423093
0,325432916	0,412	324759,7597	3099,423093
0,325432916	0,412	324759,7597	3099,423093
0,324614123	0,412	324767,5579	3091,624908
0,324614123	0,412	324767,5579	3091,624908
0,322567425	0,411	323991,2759	3072,132159
0,321339521	0,411	324002,9705	3060,437596
0,318064633	0,41	323238,3858	3029,247568
0,318064633	0,409	322442,6111	3029,247568
0,31847403	0,409	322438,712	3033,146661
0,318064633	0,409	322442,6111	3029,247568
0,318064633	0,409	322442,6111	3029,247568
0,318064633	0,409	322442,6111	3029,247568
0,31724584	0,409	322450,4092	3021,449383
0,31724584	0,409	322450,4092	3021,449383
0,317655237	0,409	322446,5101	3025,348475
0,311105747	0,407	320917,3381	2962,971136
0,308649653	0,406	320144,9552	2939,579294
0,306193559	0,405	319372,5723	2916,187453
0,306193559	0,404	318576,7976	2916,187453
0,303328068	0,404	318604,0885	2888,896518
0,30128137	0,403	317827,8066	2869,403769
0,299643784	0,401	316251,8535	2853,807398
0,299643784	0,402	317047,6282	2853,807398
0,297597086	0,401	316271,3462	2834,314649
0,297597086	0,401	316271,3462	2834,314649
0,296369182	0,401	316283,0408	2822,620086
0,295550389	0,4	315495,0643	2814,8219
0,294322484	0,4	315506,7588	2803,127337
0,293503691	0,399	314718,7823	2795,329152
0,292684898	0,399	314726,5805	2787,530966
0,289819407	0,399	314753,8714	2760,240031
0,286954201	0,397	313189,6102	2732,951812
0,285726012	0,396	312405,5328	2721,254534
0,286135408	0,396	312401,6337	2725,153627
0,284907332	0,395	311617,5552	2713,457434
0,283679314	0,395	311629,2508	2701,761785
0,28122322	0,395	311652,6427	2678,369943
0,279585804	0,394	310872,4627	2662,775201
0,279995144	0,393	310072,7894	2666,673751
0,279176436	0,393	310080,5868	2658,87638
0,275492295	0,392	309319,8998	2623,788617
0,274673587	0,391	308531,9225	2615,991246
0,274673587	0,391	308531,9225	2615,991246
0,273445569	0,39	307747,8434	2604,295597
0,271808154	0,39	307763,4382	2588,700855
0,270989446	0,389	306975,4608	2580,903484
0,268533352	0,388	306203,078	2557,511642
0,266486626	0,387	305426,7963	2538,018622
0,266895965	0,387	305422,8977	2541,917172
0,266486626	0,387	305426,7963	2538,018622
0,267305305	0,387	305418,9992	2545,815721
0,267305305	0,387	305418,9992	2545,815721
0,267305305	0,387	305418,9992	2545,815721
0,266486626	0,387	305426,7963	2538,018622
0,266077286	0,387	305430,6948	2534,120072
0,265258578	0,387	305438,4922	2526,322701
0,261574409	0,385	303882,0308	2491,234667
0,257890267	0,383	302325,5691	2456,146904
0,25666222	0,383	302337,265	2444,450984
0,254206097	0,382	301564,8824	2421,05887
0,249703277	0,379	299220,4432	2378,174008
0,246837815	0,377	297656,1844	2350,883345
0,245200428	0,377	297671,7789	2335,288875
0,242744334	0,375	296103,6213	2311,897033
0,240288239	0,374	295331,2384	2288,505192
0,240697607	0,373	294531,5649	2292,404013
0,239878871	0,373	294539,3625	2284,60637
0,238241513	0,373	294554,9567	2269,012171
0,234966683	0,371	292994,5967	2237,822687
0,23251056	0,37	292222,2141	2214,430574
0,23210122	0,37	292226,1127	2210,532024
0,231691881	0,369	291434,2365	2206,633474
0,230873202	0,369	291442,0336	2198,836375
0,229645155	0,368	290657,9548	2187,140454
0,229645155	0,368	290657,9548	2187,140454
0,229235815	0,368	290661,8534	2183,241904
0,226779692	0,367	289889,4708	2159,849791
0,225142277	0,365	288313,5161	2144,255049
0,224732938	0,365	288317,4146	2140,356499
0,223095551	0,364	287537,2344	2124,762028
0,221867504	0,364	287548,9303	2113,066108
0,220639428	0,363	286764,8518	2101,369915
0,218592674	0,362	285988,5704	2081,876623
0,216955287	0,361	285208,3901	2066,282153
0,216136579	0,361	285216,1875	2058,484782
0,214908561	0,36	284432,1084	2046,789132
0,214089853	0,36	284439,9058	2038,991761
0,214499193	0,359	283640,2325	2042,890311
0,215317929	0,359	283632,4349	2050,687954
0,214499193	0,36	284436,0073	2042,890311
0,214908561	0,359	283636,3337	2046,789132
0,214089853	0,359	283644,1311	2038,991761
0,213680514	0,359	283648,0296	2035,093211
0,213680514	0,359	283648,0296	2035,093211
0,212452438	0,359	283659,7258	2023,397019
0,211633759	0,358	282871,7482	2015,59992
0,211224419	0,357	282079,872	2011,70137
0,210405712	0,357	282087,6694	2003,903999
0,210405712	0,357	282087,6694	2003,903999
0,20672157	0,356	281326,9825	1968,816236
0,20713091	0,354	279731,5345	1972,714786
0,204066024	0,353	278964,9497	1943,524809
0,202575518	0,352	278183,3706	1929,329233
0,202304507	0,352	278185,9517	1926,74812
0,201897989	0,352	278189,8234	1922,876451
0,19891695	0,351	277422,4401	1894,485028
0,198374955	0,35	276631,8273	1889,323074
0,196477933	0,348	275058,3452	1871,255829
0,196477933	0,348	275058,3452	1871,255829
0,195529421	0,348	275067,3788	1862,222207
0,195393915	0,347	274272,8946	1860,931651
0,191464336	0,345	272718,7705	1823,506333
0,192277341	0,345	272711,0274	1831,249399
0,189025319	0,344	271946,225	1800,277135
0,18929633	0,343	271147,8692	1802,858247
0,185773267	0,342	270385,6481	1769,304598
0,186179756	0,341	269586,002	1773,175996
0,185908745	0,341	269588,5831	1770,594883
0,182792199	0,341	269618,2651	1740,912903
0,180488659	0,338	267252,8798	1718,97399
0,178049642	0,336	265684,5596	1695,744791
0,178456159	0,336	265680,6879	1699,61646
0,178456159	0,336	265680,6879	1699,61646
0,179269165	0,336	265672,9449	1707,359526
0,178320653	0,336	265681,9785	1698,325904
0,173849079	0,334	264133,0163	1655,738633
0,173578068	0,333	263339,8227	1653,15752
0,173307057	0,333	263342,4038	1650,576408
0,169648517	0,331	261785,6983	1615,732474
0,170055034	0,33	260986,052	1619,604143
0,170597028	0,33	260980,89	1624,766097
0,168970988	0,329	260200,6017	1609,279693
0,167615988	0,329	260213,5067	1596,374673
0,166802983	0,328	259425,4751	1588,631607
0,165176971	0,327	258645,1865	1573,145475
0,165312448	0,327	258643,8962	1574,435759
0,16327992	0,327	258663,254	1555,077958
0,162873403	0,325	257075,5762	1551,206289
0,163686437	0,325	257067,8329	1558,949627
0,161382897	0,324	256293,9971	1537,010713
0,158130846	0,323	255529,1949	1506,038177
0,158266352	0,321	253936,3549	1507,328734
0,158130846	0,321	253937,6455	1506,038177
0,154878795	0,32	253172,8433	1475,065641
0,154607783	0,319	252379,6497	1472,484529
0,152846266	0,318	251600,6517	1455,70784
0,152981772	0,318	251599,3611	1456,998396
0,152710761	0,317	250806,1675	1454,417284
0,149458738	0,316	250041,3651	1423,445019
0,150000732	0,315	249240,4284	1428,606973
0,150000732	0,315	249240,4284	1428,606973
0,150000732	0,315	249240,4284	1428,606973
0,150136238	0,315	249239,1378	1429,897529
0,149458738	0,315	249245,5904	1423,445019
0,145258147	0,315	249285,5968	1383,438589
0,138347556	0,307	242985,2155	1317,622119
0,137805561	0,305	241398,828	1312,460166
0,136721516	0,305	241409,1525	1302,135716
0,134011487	0,303	239843,4134	1276,325405
0,13224997	0,302	239064,4154	1259,548716
0,131030447	0,3	237484,4807	1247,933981
0,130894942	0,299	236689,9965	1246,643425
0,130081936	0,299	236697,7396	1238,900359
0,127778396	0,297	235128,129	1216,961445
0,126829885	0,297	235137,1627	1207,927823
0,124119828	0,294	232775,6491	1182,11724
0,122222805	0,293	231997,9416	1164,049995
0,120732299	0,291	230420,5878	1149,854419
0,119783788	0,29	229633,8467	1140,820797
0,119512777	0,289	228840,6531	1138,239684
0,119648282	0,289	228839,3625	1139,53024
0,119241765	0,289	228843,2342	1135,658572
0,118564265	0,288	228053,912	1129,206062
0,119512777	0,288	228044,8784	1138,239684
0,116667214	0,287	227276,2048	1111,138545
0,116396231	0,286	226483,0109	1108,557704
0,115176708	0,285	225698,8509	1096,942969
0,113821708	0,284	224915,9812	1084,03795
0,113686203	0,284	224917,2718	1082,747393
0,110976146	0,282	223351,5329	1056,936811
0,110298646	0,28	221766,436	1050,484301
0,107317606	0,279	220999,0527	1022,092877
0,1078596	0,278	220198,1161	1027,254831
0,1071821	0,278	220204,5686	1020,802321
0,107724094	0,278	220199,4066	1025,964275
0,108672606	0,278	220190,373	1034,997897
0,109621117	0,278	220181,3394	1044,03152
0,094173895	0,269	213166,4863	896,9121766
0,091463867	0,262	207621,8736	871,1018656
0,091463867	0,262	207621,8736	871,1018656
0,091599344	0,261	206824,8086	872,3921504
0,090244344	0,261	206837,7136	859,4871306
0,08875381	0,258	204464,5853	845,2912831
0,088211815	0,257	203673,9725	840,1293295
0,085908275	0,256	202900,1367	818,1904158
0,082927236	0,252	199745,4293	789,7989922
0,081436701	0,251	198963,8504	775,6031447
0,08211423	0,25	198161,6229	782,0559261
0,076965127	0,247	195823,3388	733,0158736
0,077642656	0,245	194225,3366	739,468655
0,07682965	0,244	193437,305	731,7255888
0,075068133	0,243	192658,307	714,9489003
0,071680576	0,241	191099,0206	682,6858079
0,070461053	0,237	187927,5365	671,0710729
0,069106025	0,236	187144,6671	658,1657816
0,064507783	0,232	184005,3619	614,3721268
0,060698742	0,228	180858,5403	578,0948152
0,057299296	0,219	173728,9442	545,7184971
0,056807821	0,219	173733,625	541,037685
0,056643977	0,218	172939,4107	539,4772333
0,056930668	0,218	172936,6803	542,2076844
0,055620029	0,217	172153,3881	529,7251569
0,054145574	0,216	171371,6561	515,6824492
0,051974832	0,212	168209,2314	495,0082969
0,05234346	0,212	168205,7206	498,5191096
0,047469531	0,208	165069,041	452,0998123
0,044192961	0,202	160325,5988	420,893765
0,043087106	0,199	157948,8068	410,3615985
0,042390818	0,198	157159,6635	403,7301539
0,033994568	0,189	150077,657	323,7642675
0,031291411	0,182	144532,9788	298,019394
0,013840312	0,147	116847,068	131,8151321
0,012936504	0,144	114468,3518	123,2072602
0,012666718	0,142	112879,3718	120,6378232
0,012761142	0,141	112082,6978	121,5371126
0,012639748	0,141	112083,8539	120,3809609
0,012545325	0,141	112084,7532	119,4816716
0,01255881	0,141	112084,6248	119,6101027
0,012693717	0,141	112083,3399	120,894957
0,012774627	0,141	112082,5693	121,6655437
0,012680203	0,141	112083,4686	120,7662543
0,012612778	0,142	112879,8855	120,1240987
0,012612778	0,141	112084,1108	120,1240987
0,012693717	0,141	112083,3399	120,894957
0,01253184	0,141	112084,8816	119,3532404
0,012518326	0,141	112085,0103	119,2245378
0,012518326	0,141	112085,0103	119,2245378
0,012693717	0,141	112083,3399	120,894957
0,012666718	0,141	112083,5971	120,6378232
0,01255881	0,141	112084,6248	119,6101027
-0,01258578	0,086	68556,49249	-119,8669649
-0,012639748	0,085	67761,23177	-120,3809609
-0,012423903	0,084	66963,40135	-118,3252484
-0,012518326	0,083	66168,52592	-119,2245378
-0,012653233	0,083	66169,81078	-120,5093921
-0,012612778	0,083	66169,42548	-120,1240987
-0,012747657	0,082	65374,93535	-121,4086814
-0,012423903	0,082	65371,85192	-118,3252484
-0,012572295	0,082	65373,2652	-119,7385338
-0,012626263	0,081	64578,00448	-120,2525298
-0,012828595	0,081	64579,93149	-122,1795397
-0,012747657	0,081	64579,16063	-121,4086814
-0,012599265	0,081	64577,74735	-119,9953961
-0,012747657	0,081	64579,16063	-121,4086814
-0,012504841	0,081	64576,84806	-119,0961067
-0,012612778	0,081	64577,87605	-120,1240987
-0,01278814	0,081	64579,5462	-121,7942463
-0,012599265	0,081	64577,74735	-119,9953961
-0,012612778	0,081	64577,87605	-120,1240987
-0,012761142	0,081	64579,28906	-121,5371126
-0,012720687	0,081	64578,90377	-121,1518192
-0,012909534	0,081	64580,70235	-122,9503979
-0,012909534	0,081	64580,70235	-122,9503979
-0,015229752	0,078	62215,47596	-145,0481535
-0,017388092	0,074	59052,93314	-165,6041926
-0,019371043	0,066	52705,62103	-184,4898125
-0,019802705	0,065	51913,95747	-188,600966
-0,024766895	0,061	48778,13755	-235,8799101
-0,026560999	0,049	39245,92801	-252,9669513
-0,027424324	0,046	36866,82617	-261,1892583
-0,027559231	0,044	35276,56159	-262,4741126
-0,028260565	0,043	34487,46638	-269,153617
-0,028465348	0,042	33693,64203	-271,103978
-0,029366391	0,041	32906,44885	-279,685512
-0,030103647	0,039	31321,92104	-286,7071373
-0,030636091	0,037	29735,4426	-291,7781302
-0,030677031	0,035	28144,28308	-292,1680395
-0,03198767	0,034	27360,99089	-304,650567
-0,031578102	0,033	26561,31546	-300,749845
-0,031209474	0,033	26557,80464	-297,2390323
-0,032274361	0,033	26567,94663	-307,3810181
-0,032397237	0,033	26569,1169	-308,551289
-0,03714829	0,023	18656,61877	-353,8003154
-0,037926486	0,019	15480,93144	-361,2118501
-0,037885518	0,018	14684,76655	-360,8216693
-0,039441909	0,015	12312,26547	-375,6447386
-0,042227003	0,01	8359,917128	-402,1699738
-0,04329189	0,003	2799,636106	-412,3119595
-0,04329189	0,002	2003,86139	-412,3119595
-0,044561561	0,001	1220,179022	-424,4043062
-0,044397745	0,001	1218,618841	-422,844126
-0,046978055	-0,005	-3531,454577	-447,4190002
-0,048001974	-0,007	-5113,252203	-457,1708051
-0,048247726	-0,009	-6702,461092	-459,5113469
-0,048206758	-0,01	-7498,625988	-459,1211661
-0,048821138	-0,01	-7492,774634	-464,9725206
-0,054718986	-0,015	-11415,47711	-521,1436228
-0,057545048	-0,029	-22529,40771	-548,0590388
-0,057872708	-0,033	-25709,38594	-551,1796707
-0,058568967	-0,037	-28885,85363	-557,8108438
-0,059101411	-0,037	-28880,78264	-562,8818366
-0,059674823	-0,038	-29671,09618	-568,3430103
-0,060248234	-0,039	-30461,40972	-573,804184
-0,06041205	-0,04	-31255,62425	-575,3643641
-0,064302999	-0,046	-35993,21515	-612,4217659
-0,06557267	-0,053	-41551,54581	-624,5141126
-0,066432774	-0,055	-43134,90361	-632,7057373
-0,068398733	-0,057	-44707,72925	-651,4295286
-0,069709372	-0,064	-50265,66973	-663,9120561
-0,071224766	-0,065	-51047,01183	-678,344673
-0,072822125	-0,067	-52623,34801	-693,5579231
-0,074992868	-0,074	-58173,09687	-714,2320754
-0,075771035	-0,076	-59757,23504	-721,6433385
-0,076344447	-0,078	-61343,32329	-727,1045122
-0,077409334	-0,078	-61333,18131	-737,2464979
-0,078556158	-0,083	-65301,13254	-748,1688452
-0,07978486	-0,086	-67676,75452	-759,8710111
-0,081136468	-0,088	-69255,43124	-772,7437194
-0,081341223	-0,09	-70845,03058	-774,6938089
-0,082856675	-0,093	-73217,92157	-789,1269689
-0,086179287	-0,096	-75573,60116	-820,7715283
-0,086856787	-0,102	-80341,79694	-827,2240382
-0,086043781	-0,103	-81145,31472	-819,4809721
-0,08739881	-0,103	-81132,40943	-832,3862633
-0,087127798	-0,103	-81134,99054	-829,8051508
-0,086179287	-0,103	-81144,02416	-820,7715283
-0,087534287	-0,103	-81131,11914	-833,6765481
-0,086585775	-0,104	-81935,92748	-824,6429257
-0,089837827	-0,104	-81904,95495	-855,6154618
-0,092954372	-0,116	-91424,56955	-885,2974416
-0,096206424	-0,119	-93780,92116	-916,2699777
-0,096883952	-0,123	-96957,56724	-922,7227591
-0,098780975	-0,128	-100918,3736	-940,790004
-0,101084515	-0,132	-104079,5335	-962,7289177
-0,102032998	-0,134	-105662,0496	-971,7622686
-0,10257502	-0,137	-108044,2115	-976,9244937
-0,103388026	-0,138	-108832,2432	-984,6675598
-0,104607549	-0,139	-109616,4032	-996,2822948
-0,105556089	-0,141	-111198,9187	-1005,316189
-0,105962577	-0,144	-113582,3714	-1009,187586
-0,107046594	-0,146	-115163,5967	-1019,511765
-0,107995106	-0,147	-115950,3378	-1028,545387
-0,1092146	-0,151	-119121,8222	-1040,159851
-0,109621117	-0,151	-119117,9505	-1044,03152
-0,111111651	-0,154	-121491,0788	-1058,227367
-0,112060163	-0,155	-122277,8199	-1067,26099
-0,11246668	-0,158	-124661,2724	-1071,132658
-0,112737691	-0,159	-125454,466	-1073,713771
-0,113821708	-0,16	-126239,9165	-1084,03795
-0,11544772	-0,161	-127020,2051	-1099,524082
-0,115176708	-0,163	-128614,3357	-1096,942969
-0,117073731	-0,165	-130187,8178	-1115,010214
-0,118428759	-0,168	-132562,2367	-1127,915505
-0,120325782	-0,169	-133339,9442	-1145,98275
-0,122900334	-0,175	-138090,0724	-1170,502777
-0,124797356	-0,181	-142846,6535	-1188,570021
-0,124932862	-0,182	-143641,1376	-1189,860578
-0,126152385	-0,183	-144425,2976	-1201,475313
-0,127236402	-0,185	-146006,5229	-1211,799491
-0,128726908	-0,186	-146788,102	-1225,995067
-0,130352947	-0,19	-149955,7145	-1241,481471
-0,131301459	-0,192	-151538,2303	-1250,515094
-0,13224997	-0,194	-153120,7461	-1259,548716
-0,131843453	-0,195	-153920,3925	-1255,677047
-0,133333987	-0,195	-153906,1966	-1269,872895
-0,133740476	-0,196	-154698,0999	-1273,744292
-0,135502021	-0,199	-157068,6471	-1290,521252
-0,136721516	-0,202	-159444,3568	-1302,135716
-0,136450533	-0,202	-159446,9376	-1299,554875
-0,137399044	-0,203	-160233,6787	-1308,588497
-0,139973595	-0,206	-162596,4829	-1333,108523
-0,141057613	-0,209	-164973,4828	-1343,432702
-0,141735113	-0,21	-165762,805	-1349,885212
-0,141735113	-0,211	-166558,5798	-1349,885212
-0,142819101	-0,212	-167344,0306	-1360,209119
-0,143361124	-0,213	-168134,643	-1365,371344
-0,145664664	-0,219	-172887,3524	-1387,310258
-0,146748652	-0,22	-173672,8032	-1397,634165
-0,146748652	-0,22	-173672,8032	-1397,634165
-0,146748652	-0,221	-174468,578	-1397,634165
-0,148239215	-0,222	-175250,1565	-1411,830284
-0,147832698	-0,222	-175254,0282	-1407,958615
-0,149458738	-0,223	-176034,3165	-1423,445019
-0,152033289	-0,227	-179192,8954	-1447,965045
-0,152168795	-0,228	-179987,3795	-1449,255602
-0,154201295	-0,231	-182355,3461	-1468,613131
-0,154201295	-0,232	-183151,1209	-1468,613131
-0,156369329	-0,233	-183926,2472	-1489,261489
-0,155962812	-0,235	-185521,6683	-1485,38982
-0,16029888	-0,241	-190255,0199	-1526,686535
-0,160976409	-0,242	-191044,3418	-1533,139316
-0,162331409	-0,243	-191827,2115	-1546,044336
-0,164363937	-0,247	-194990,9526	-1565,402137
-0,164092954	-0,247	-194993,5334	-1562,821296
-0,16327992	-0,248	-195797,0515	-1555,077958
-0,163957449	-0,248	-195790,5987	-1561,53074
-0,163957449	-0,248	-195790,5987	-1561,53074
-0,164228431	-0,248	-195788,0179	-1564,111581
-0,16558346	-0,248	-195775,1126	-1577,016872
-0,171816551	-0,253	-199694,6222	-1636,380832
-0,173036074	-0,259	-204457,6557	-1647,995567
-0,174933125	-0,261	-206031,1377	-1666,063083
-0,176694642	-0,263	-207605,9104	-1682,839772
-0,184147227	-0,272	-214696,9044	-1753,818195
-0,184553745	-0,276	-217876,1316	-1757,689864
-0,18536675	-0,276	-217868,3885	-1765,43293
-0,185773267	-0,276	-217864,5169	-1769,304598
-0,186450796	-0,278	-219449,6135	-1775,75738
-0,186179756	-0,279	-220247,9696	-1773,175996
-0,18631529	-0,28	-221042,4535	-1774,466824
-0,186586273	-0,28	-221039,8727	-1777,047665
-0,188076779	-0,28	-221025,6771	-1791,243241
-0,18767029	-0,281	-221825,3232	-1787,371843
-0,189160824	-0,281	-221811,1274	-1801,567691
-0,19200633	-0,283	-223375,5762	-1828,668287
-0,192277341	-0,285	-224964,5445	-1831,249399
-0,192277341	-0,285	-224964,5445	-1831,249399
-0,193767876	-0,288	-227337,6728	-1845,445247
-0,194445376	-0,289	-228126,995	-1851,897757
-0,194851893	-0,289	-228123,1233	-1855,769425
-0,197019927	-0,291	-229694,0244	-1876,417783
-0,197290938	-0,292	-230487,218	-1878,998895
-0,196884421	-0,292	-230491,0897	-1875,127227
-0,197019927	-0,292	-230489,7991	-1876,417783
-0,19756195	-0,293	-231280,4116	-1881,580008
-0,19823945	-0,293	-231273,9591	-1888,032518
-0,19891695	-0,293	-231267,5066	-1894,485028
-0,197426444	-0,293	-231281,7022	-1880,289452
-0,199729984	-0,295	-232851,3127	-1902,228365
-0,200678467	-0,297	-234433,8288	-1911,261716
-0,202982007	-0,298	-235207,6646	-1933,20063
-0,205692035	-0,301	-237569,1784	-1959,010941
-0,206098552	-0,302	-238361,0815	-1962,88261
-0,20907962	-0,305	-240720,0139	-1991,274305
-0,210570126	-0,307	-242297,3678	-2005,469881
-0,212602655	-0,309	-243869,5594	-2024,827682
-0,216938723	-0,312	-246215,5868	-2066,124397
-0,219784257	-0,318	-250963,1343	-2093,225264
-0,219919763	-0,319	-251757,6184	-2094,51582
-0,220461786	-0,319	-251752,4562	-2099,678046
-0,225204371	-0,322	-254094,6119	-2144,846429
-0,226152882	-0,325	-256472,9025	-2153,880052
-0,228049905	-0,327	-258046,3847	-2171,947297
-0,228862882	-0,328	-258834,4166	-2179,690091
-0,230759934	-0,33	-260407,8985	-2197,757608
-0,234825019	-0,332	-261960,7321	-2236,473481
-0,239703053	-0,337	-265893,1472	-2282,931878
-0,240380582	-0,338	-266682,4692	-2289,38466
-0,239432042	-0,339	-267487,2778	-2280,350766
-0,239025525	-0,339	-267491,1494	-2276,479097
-0,238890047	-0,339	-267492,4397	-2275,188812
-0,244039121	-0,339	-267443,3999	-2324,228593
-0,249188167	-0,347	-273760,5582	-2373,268102
-0,250272241	-0,35	-276137,5576	-2383,592824
-0,250543252	-0,35	-276134,9765	-2386,173937
-0,251220724	-0,35	-276128,5242	-2392,626175
-0,254201792	-0,353	-278487,4567	-2421,01787
-0,255150304	-0,355	-280069,9725	-2430,051493
-0,256505304	-0,355	-280057,0675	-2442,956512
-0,258402326	-0,358	-282426,3244	-2461,023757
-0,260299378	-0,359	-283204,0316	-2479,091274
-0,261383395	-0,36	-283989,4821	-2489,415452
-0,262331906	-0,36	-283980,4485	-2498,449075
-0,263280389	-0,361	-284767,1899	-2507,482426
-0,266261457	-0,363	-286330,3476	-2535,874121
-0,265990446	-0,364	-287128,7034	-2533,293008
-0,266396963	-0,364	-287124,8318	-2537,164677
-0,270733031	-0,369	-291062,4086	-2578,461392
-0,270733031	-0,369	-291062,4086	-2578,461392
-0,271681543	-0,369	-291053,375	-2587,495014
-0,271410531	-0,37	-291851,7308	-2584,913902
-0,272630026	-0,37	-291840,1164	-2596,528365
-0,273849549	-0,371	-292624,2763	-2608,1431
-0,274662583	-0,372	-293412,3077	-2615,886438
-0,276017611	-0,372	-293399,4024	-2628,791729
-0,27753905	-0,373	-294180,687	-2643,281909
-0,278357757	-0,375	-295764,439	-2651,07928
-0,279176436	-0,376	-296552,4166	-2658,87638
-0,28204187	-0,377	-297320,901	-2686,166771
-0,28204187	-0,378	-298116,6757	-2686,166771
-0,28204187	-0,379	-298912,4504	-2686,166771
-0,283679314	-0,38	-299692,6301	-2701,761785
-0,284907332	-0,381	-300476,7092	-2713,457434
-0,285316615	-0,381	-300472,8111	-2717,355441
-0,286544805	-0,381	-300461,1139	-2729,052719
-0,289000899	-0,383	-302029,2715	-2752,444561
-0,290228803	-0,386	-304404,901	-2764,139124
-0,290228803	-0,386	-304404,901	-2764,139124
-0,292275501	-0,386	-304385,4083	-2783,631873
-0,29186639	-0,387	-305185,0794	-2779,735496
-0,291456993	-0,387	-305188,9785	-2775,836403
-0,296778578	-0,388	-305934,0704	-2826,519179
-0,29718769	-0,391	-308317,4982	-2830,415556
-0,297597086	-0,391	-308313,5991	-2834,314649
-0,30128137	-0,394	-310665,8341	-2869,403769
-0,302099878	-0,395	-311453,8134	-2877,19924
-0,303328068	-0,395	-311442,1161	-2888,896518
-0,304965369	-0,397	-313018,0719	-2904,490174
-0,307012352	-0,398	-313794,3511	-2923,985638
-0,308240256	-0,398	-313782,6566	-2935,680202
-0,310696351	-0,401	-316146,5889	-2959,072043
-0,31192454	-0,401	-316134,8916	-2970,769322
-0,311515144	-0,402	-316934,5654	-2966,870229
-0,313561841	-0,403	-317710,8474	-2986,362978
-0,316017936	-0,405	-319279,0049	-3009,754819
-0,316427332	-0,406	-320070,8806	-3013,653912
-0,31724584	-0,406	-320063,0851	-3021,449383
-0,318064633	-0,407	-320851,0616	-3029,247568
-0,320930124	-0,408	-321619,5454	-3056,538503
-0,322158029	-0,409	-322403,6256	-3068,233066
-0,323795615	-0,412	-324775,3533	-3083,829437
-0,325432916	-0,412	-324759,7597	-3099,423093
-0,329935708	-0,415	-327104,1992	-3142,307684
-0,330345105	-0,416	-327896,0749	-3146,206777
-0,330754501	-0,417	-328687,9505	-3150,105869
-0,330754501	-0,416	-327892,1758	-3150,105869
-0,329935708	-0,416	-327899,9739	-3142,307684
-0,330345105	-0,416	-327896,0749	-3146,206777
-0,330754501	-0,416	-327892,1758	-3150,105869
-0,340578878	-0,424	-334164,8061	-3243,673236
-0,341397671	-0,424	-334157,0079	-3251,471422
-0,340988275	-0,424	-334160,907	-3247,572329
-0,340988275	-0,424	-334160,907	-3247,572329
-0,341397671	-0,424	-334157,0079	-3251,471422
-0,341397671	-0,424	-334157,0079	-3251,471422
-0,340988275	-0,424	-334160,907	-3247,572329
-0,340578878	-0,424	-334164,8061	-3243,673236
-0,340578878	-0,424	-334164,8061	-3243,673236
-0,341397671	-0,424	-334157,0079	-3251,471422
-0,340988275	-0,424	-334160,907	-3247,572329
-0,340578878	-0,424	-334164,8061	-3243,673236
-0,340988275	-0,424	-334160,907	-3247,572329
-0,341397671	-0,424	-334157,0079	-3251,471422
-0,341397671	-0,424	-334157,0079	-3251,471422
-0,341807068	-0,424	-334153,1088	-3255,370514
-0,341397671	-0,424	-334157,0079	-3251,471422
-0,340988275	-0,424	-334160,907	-3247,572329
-0,340988275	-0,424	-334160,907	-3247,572329
-0,340988275	-0,424	-334160,907	-3247,572329
-0,341807068	-0,424	-334153,1088	-3255,370514
-0,340578878	-0,424	-334164,8061	-3243,673236
-0,340988275	-0,424	-334160,907	-3247,572329
-0,340578878	-0,424	-334164,8061	-3243,673236
-0,340988275	-0,424	-334160,907	-3247,572329
-0,340988275	-0,424	-334160,907	-3247,572329
-0,341397671	-0,424	-334157,0079	-3251,471422
-0,340988275	-0,424	-334160,907	-3247,572329
-0,340988275	-0,424	-334160,907	-3247,572329
-0,340988275	-0,424	-334160,907	-3247,572329
-0,339350974	-0,424	-334176,5007	-3231,978673
-0,339760085	-0,424	-334172,6043	-3235,87505
-0,336076086	-0,424	-334207,6907	-3200,788646
-0,327479614	-0,421	-331902,2394	-3118,915842
-0,326661106	-0,419	-330318,4854	-3111,120372
-0,326661106	-0,419	-330318,4854	-3111,120372
-0,326251709	-0,419	-330322,3845	-3107,221279
-0,325432916	-0,419	-330330,1827	-3099,423093
-0,326661106	-0,419	-330318,4854	-3111,120372
-0,322976822	-0,418	-329557,7998	-3076,031252
-0,322567425	-0,418	-329561,6989	-3072,132159
-0,321339521	-0,417	-328777,6188	-3060,437596
-0,320111331	-0,417	-328789,316	-3048,740317
-0,31970222	-0,416	-327997,4377	-3044,84394
-0,318883426	-0,416	-328005,2359	-3037,045754
-0,317655237	-0,416	-328016,9332	-3025,348475
-0,316427332	-0,415	-327232,853	-3013,653912
-0,316427332	-0,415	-327232,853	-3013,653912
-0,317655237	-0,415	-327221,1584	-3025,348475
-0,315199143	-0,415	-327244,5503	-3001,956634
-0,315199143	-0,414	-326448,7756	-3001,956634
-0,314789746	-0,415	-327248,4494	-2998,057541
-0,311515144	-0,413	-325688,0873	-2966,870229
-0,309877843	-0,413	-325703,6809	-2951,276573
-0,308649653	-0,412	-324919,6035	-2939,579294
-0,309059049	-0,412	-324915,7044	-2943,478387
-0,309059049	-0,412	-324915,7044	-2943,478387
-0,309059049	-0,413	-325711,4791	-2943,478387
-0,309468446	-0,412	-324911,8053	-2947,37748
-0,309468446	-0,412	-324911,8053	-2947,37748
-0,309059049	-0,412	-324915,7044	-2943,478387
-0,309059049	-0,412	-324915,7044	-2943,478387
-0,308649653	-0,412	-324919,6035	-2939,579294
-0,307421463	-0,412	-324931,3008	-2927,882016
-0,299643784	-0,408	-321822,2765	-2853,807398
-0,300462577	-0,408	-321814,4783	-2861,605584
-0,299643784	-0,408	-321822,2765	-2853,807398
-0,293913087	-0,408	-321876,8557	-2799,228244
-0,293094294	-0,405	-319497,3297	-2791,430059
-0,292684898	-0,406	-320297,0035	-2787,530966
-0,284497993	-0,401	-316396,102	-2709,558885
-0,283679314	-0,401	-316403,8991	-2701,761785
-0,282860578	-0,401	-316411,6968	-2693,964142
-0,282451238	-0,401	-316415,5953	-2690,065593
-0,283679314	-0,401	-316403,8991	-2701,761785
-0,276311003	-0,4	-315678,3002	-2631,585988
-0,276311003	-0,398	-314086,7508	-2631,585988
-0,276720371	-0,397	-313287,0772	-2635,48481
-0,275082927	-0,397	-313302,6722	-2619,889796
-0,273854937	-0,397	-313314,3676	-2608,194418
-0,266486626	-0,393	-310201,4446	-2538,018622
-0,265667918	-0,393	-310209,2419	-2530,221251
-0,266486626	-0,393	-310201,4446	-2538,018622
-0,262802456	-0,392	-309440,7579	-2502,930588
-0,261983777	-0,391	-308652,7803	-2495,133488
-0,261983777	-0,391	-308652,7803	-2495,133488
-0,257890267	-0,389	-307100,2174	-2456,146904
-0,257480899	-0,388	-306308,3415	-2452,248083
-0,257480899	-0,388	-306308,3415	-2452,248083
-0,25666222	-0,389	-307111,9133	-2444,450984
-0,255843512	-0,388	-306323,936	-2436,653613
-0,250521984	-0,385	-303987,2941	-2385,971379
-0,250521984	-0,385	-303987,2941	-2385,971379
-0,250521984	-0,385	-303987,2941	-2385,971379
-0,250931324	-0,385	-303983,3955	-2389,869929
-0,250112616	-0,385	-303991,1929	-2382,072558
-0,250931324	-0,385	-303983,3955	-2389,869929
-0,250112616	-0,385	-303991,1929	-2382,072558
-0,251340663	-0,385	-303979,497	-2393,768479
-0,251340663	-0,385	-303979,497	-2393,768479
-0,251340663	-0,385	-303979,497	-2393,768479
-0,244791117	-0,384	-303246,1001	-2331,390597
-0,241925626	-0,381	-300886,0669	-2304,099662
-0,241106918	-0,38	-300098,0896	-2296,302291
-0,240288239	-0,38	-300105,8867	-2288,505192
-0,240697607	-0,38	-300101,9879	-2292,404013
-0,236604098	-0,379	-299345,1997	-2253,417429
-0,234557315	-0,377	-297773,1439	-2233,923866
-0,233738636	-0,377	-297780,941	-2226,126766
-0,232919928	-0,376	-296992,9636	-2218,329395
-0,230463862	-0,375	-296220,5805	-2194,937825
-0,226370353	-0,372	-293872,2429	-2155,951241
-0,225551645	-0,372	-293880,0403	-2148,15387
-0,225551645	-0,371	-293084,2656	-2148,15387
-0,223504891	-0,371	-293103,7589	-2128,660578
-0,221867504	-0,369	-291527,8039	-2113,066108
-0,221048796	-0,369	-291535,6013	-2105,268736
-0,217773995	-0,368	-290771,0158	-2074,079524
-0,215727268	-0,367	-289994,7341	-2054,586503
-0,214089853	-0,365	-288418,7794	-2038,991761
-0,213680514	-0,364	-287626,9032	-2035,093211
-0,209587004	-0,364	-287665,8898	-1996,106628
-0,198510432	-0,36	-284588,2842	-1890,613359
-0,199323467	-0,355	-280601,6673	-1898,356697
-0,19891695	-0,355	-280605,539	-1894,485028
-0,199865461	-0,355	-280596,5053	-1903,51865
-0,199323467	-0,355	-280601,6673	-1898,356697
-0,198645967	-0,355	-280608,1198	-1891,904187
-0,198781444	-0,355	-280606,8295	-1893,194471
-0,197968438	-0,355	-280614,5726	-1885,451405
-0,196342427	-0,354	-279834,284	-1869,965273
-0,195664898	-0,353	-279044,9621	-1863,512492
-0,193903381	-0,353	-279061,7388	-1846,735803
-0,193361358	-0,352	-278271,1263	-1841,573578
-0,192141836	-0,351	-277486,9663	-1829,958843
-0,191057847	-0,35	-276701,5155	-1819,634936
-0,190244813	-0,35	-276709,2588	-1811,891598
-0,189567341	-0,35	-276715,7111	-1805,43936
-0,18929633	-0,349	-275922,5174	-1802,858247
-0,187399279	-0,348	-275144,8102	-1784,790731
-0,18604425	-0,347	-274361,9408	-1771,88544
-0,185908745	-0,347	-274363,2314	-1770,594883
-0,18468925	-0,346	-273579,0711	-1758,98042
-0,179946665	-0,344	-272032,6901	-1713,812036
-0,178998153	-0,342	-270450,1743	-1704,778414
-0,178727142	-0,342	-270452,7554	-1702,197301
-0,176288097	-0,341	-269680,2101	-1678,967831
-0,175746102	-0,339	-268093,8227	-1673,805878
-0,175339614	-0,339	-268097,6941	-1669,93448
-0,17222304	-0,338	-267331,6016	-1640,252229
-0,170732534	-0,337	-266550,0225	-1626,056653
-0,168835483	-0,335	-264976,5405	-1607,989136
-0,167887	-0,334	-264189,7992	-1598,955786
-0,165854471	-0,333	-263413,3823	-1579,597984
-0,165312448	-0,333	-263418,5445	-1574,435759
-0,163821943	-0,332	-262636,9653	-1560,240183
-0,161653909	-0,329	-260270,2896	-1539,591826
-0,161653909	-0,329	-260270,2896	-1539,591826
-0,160840903	-0,329	-260278,0326	-1531,84876
-0,159214892	-0,328	-259497,744	-1516,362627
-0,158266352	-0,327	-258711,0032	-1507,328734
-0,157182335	-0,326	-257925,5527	-1497,004555
-0,156911323	-0,325	-257132,3591	-1494,423442
-0,156369329	-0,325	-257137,521	-1489,261489
-0,155827306	-0,325	-257142,6833	-1484,099264
-0,155962812	-0,325	-257141,3927	-1485,38982
-0,1556918	-0,324	-256348,1991	-1482,808707
-0,155556295	-0,325	-257145,2644	-1481,518151
-0,149323232	-0,324	-256408,8533	-1422,154463
-0,137941038	-0,31	-245376,4113	-1313,750451
-0,138483061	-0,31	-245371,2491	-1318,912676
-0,136992527	-0,309	-244589,6702	-1304,716828
-0,134011487	-0,309	-244618,0617	-1276,325405
-0,134146993	-0,307	-243025,2217	-1277,615961
-0,132791964	-0,306	-242242,3523	-1264,71067
-0,128862413	-0,303	-239892,4532	-1227,285624
-0,126152385	-0,301	-238326,714	-1201,475313
-0,12628789	-0,3	-237529,6488	-1202,765869
-0,124661851	-0,299	-236749,3605	-1187,279465
-0,122087299	-0,298	-235978,1058	-1162,759439
-0,121680811	-0,296	-234390,4277	-1158,888042
-0,119919294	-0,296	-234407,2044	-1142,111353
-0,117209237	-0,293	-232045,6909	-1116,30077
-0,115312214	-0,29	-229676,434	-1098,233526
-0,115583225	-0,29	-229673,8528	-1100,814638
-0,11314418	-0,288	-228105,5329	-1077,585168
-0,11246668	-0,287	-227316,2107	-1071,132658
-0,111382663	-0,287	-227326,5349	-1060,80848
-0,110298646	-0,284	-224949,5349	-1050,484301
-0,107995106	-0,283	-224175,6991	-1028,545387
-0,1078596	-0,282	-223381,2149	-1027,254831
-0,107588589	-0,282	-223383,796	-1024,673718
-0,105827072	-0,281	-222604,798	-1007,89703
-0,103659037	-0,279	-221033,8969	-987,2486724
-0,10257502	-0,278	-220248,4464	-976,9244937
-0,102439515	-0,277	-219453,9622	-975,6339374
-0,103523532	-0,277	-219443,6381	-985,9581161
-0,102439515	-0,277	-219453,9622	-975,6339374
-0,103388026	-0,277	-219444,9286	-984,6675598
-0,100813503	-0,276	-218673,6737	-960,1478051
-0,10122002	-0,275	-217874,0273	-964,019474
-0,098103475	-0,272	-215516,3851	-934,3374941
-0,098103475	-0,272	-215516,3851	-934,3374941
-0,097696958	-0,271	-214724,4821	-930,4658253
-0,094173895	-0,268	-212370,7116	-896,9121766
-0,089566844	-0,266	-210823,0397	-853,0346207
-0,088889315	-0,262	-207646,3936	-846,5818394
-0,08807631	-0,261	-206858,362	-838,8387732
-0,087127798	-0,261	-206867,3956	-829,8051508
-0,082520719	-0,256	-202932,3998	-785,9273234
-0,080894707	-0,254	-201356,3365	-770,4411911
-0,080894707	-0,253	-200560,5618	-770,4411911
-0,079539679	-0,252	-199777,6924	-757,5358998
-0,077100662	-0,25	-198209,3722	-734,3067014
-0,07615215	-0,247	-195831,0816	-725,273079
-0,076423133	-0,247	-195828,5008	-727,85392
-0,075745605	-0,247	-195834,9536	-721,4011386
-0,075610127	-0,247	-195836,2439	-720,1108538
-0,076287627	-0,246	-195034,0166	-726,5633637
-0,075745605	-0,246	-195039,1789	-721,4011386
-0,072764593	-0,244	-193476,0206	-693,0099866
-0,072629088	-0,242	-191885,7617	-691,7194303
-0,069919031	-0,239	-189524,2481	-665,9088478
-0,069512542	-0,238	-188732,3448	-662,0374504
-0,063524804	-0,235	-186402,0479	-605,0102312
-0,056971636	-0,227	-180098,2625	-542,5978652
-0,052384428	-0,219	-173775,7534	-498,9092904
-0,052261552	-0,215	-170593,8248	-497,7390195
-0,050828037	-0,214	-169811,7029	-484,0862211
-0,047305715	-0,209	-165866,3759	-450,5396321
-0,046036016	-0,206	-163491,1444	-438,4470139
-0,043414766	-0,202	-160333,0103	-413,4822304
-0,043128074	-0,201	-159539,966	-410,7517793
-0,042554662	-0,2	-158749,6525	-405,2906056
-0,038049362	-0,198	-157201,0115	-362,382121
-0,034977548	-0,189	-150068,2951	-333,1261632
-0,031496166	-0,185	-146918,3529	-299,9694834
-0,028301504	-0,176	-139786,8064	-269,5435262
-0,014717151	-0,151	-120021,8159	-140,1661417
-0,013219803	-0,145	-115261,4283	-125,9053998
-0,012909534	-0,143	-113672,8339	-122,9503979
-0,01278814	-0,142	-112878,2153	-121,7942463
-0,012612778	-0,142	-112879,8855	-120,1240987
-0,012707202	-0,142	-112878,9862	-121,0233881
-0,012693717	-0,142	-112879,1146	-120,894957
-0,012626263	-0,142	-112879,7571	-120,2525298
-0,012599265	-0,142	-112880,0142	-119,9953961
-0,012599265	-0,142	-112880,0142	-119,9953961
-0,012545325	-0,142	-112880,5279	-119,4816716
-0,012545325	-0,142	-112880,5279	-119,4816716
-0,012518326	-0,142	-112880,7851	-119,2245378
-0,012572295	-0,142	-112880,2711	-119,7385338
-0,012720687	-0,142	-112878,8578	-121,1518192
-0,012518326	-0,142	-112880,7851	-119,2245378
-0,012639748	-0,142	-112879,6286	-120,3809609
-0,01284208	-0,142	-112877,7016	-122,3079708
-0,012450901	-0,142	-112881,4272	-118,5823822
0,012181087	-0,081	-64573,76463	116,0126737
0,012329479	-0,08	-63779,4032	117,4259591
0,012545325	-0,08	-63781,45891	119,4816716
0,012275539	-0,08	-63778,88947	116,9122346
0,012680203	-0,08	-63782,74349	120,7662543
0,012639748	-0,08	-63782,3582	120,3809609
0,012612778	-0,081	-64577,87605	120,1240987
0,012518326	-0,08	-63781,20177	119,2245378
0,01255881	-0,081	-64577,36205	119,6101027
0,012504841	-0,081	-64576,84806	119,0961067
0,012545325	-0,081	-64577,23362	119,4816716
0,012491356	-0,081	-64576,71963	118,9676756
0,012450901	-0,081	-64576,33433	118,5823822
0,012653233	-0,081	-64578,26134	120,5093921
0,012626263	-0,081	-64578,00448	120,2525298
0,012518326	-0,081	-64576,97649	119,2245378
0,012734172	-0,08	-63783,25749	121,2802503
0,012612778	-0,081	-64577,87605	120,1240987
0,012545325	-0,08	-63781,45891	119,4816716
0,017050853	-0,074	-59049,72127	162,3923284
0,018764018	-0,067	-53495,61445	178,7085113
0,018885412	-0,065	-51905,22117	179,864663
0,01891241	-0,064	-51109,70359	180,1217967
0,019330588	-0,064	-51113,68631	184,1045191
0,020032036	-0,064	-51120,3669	190,7851096
0,020800937	-0,06	-47944,59105	198,1081273
0,021016783	-0,06	-47946,64677	200,1638398
0,024254294	-0,054	-43202,83253	230,9978984
0,025131104	-0,05	-40028,08441	239,3486365
0,026331668	-0,047	-37652,19443	250,7828076
0,027168023	-0,044	-35272,83573	258,7482524
0,029530236	-0,043	-34499,55873	281,2459637
0,030677031	-0,036	-28940,0578	292,1680395
0,032233422	-0,032	-25771,782	306,9911088
0,032847773	-0,03	-24186,08366	312,8421917
0,033339249	-0,027	-21803,44032	317,5230038
0,035550959	-0,024	-19437,18051	338,5873368
0,037516918	-0,019	-15477,03072	357,3111281
0,038458929	-0,016	-13098,67829	366,2828429
0,038295114	-0,012	-9914,019248	364,7226627
0,038909465	-0,011	-9124,095616	370,5737457
0,041489775	-0,007	-5965,571628	395,1486199
0,041858375	-0,005	-4377,532738	398,6591611
0,042554662	-0,004	-3588,389467	405,2906056
0,045626448	0,004	2748,55257	434,5462919
0,045462632	0,005	3545,887466	432,9861117
0,04619986	0,007	5130,415543	440,0074656
0,046445612	0,008	5923,849716	442,3480073
0,050459437	0,013	9864,495621	480,57568
0,051933892	0,021	16216,65064	494,6183877
0,051647172	0,022	17015,15608	491,8876651
0,052466336	0,023	17803,12908	499,6893805
0,051770048	0,023	17809,76052	493,057936
0,052957811	0,025	19389,99769	504,3701926
0,053695038	0,026	20178,75106	511,3915464
0,058405152	0,032	24908,54023	556,2506636
0,061108338	0,04	31248,99281	581,9958087
0,062459917	0,047	36806,54338	594,8682455
0,062828545	0,049	38394,582	598,3790582
0,064221092	0,052	40768,64353	611,6416758
0,065081195	0,054	42352,00133	619,8333005
0,067497661	0,058	45512,08577	642,847723
0,069955124	0,064	50263,32919	666,2525979
0,074542332	0,073	57381,61306	709,9411726
0,075566251	0,078	61350,73483	719,6929775
0,075156684	0,08	62946,18498	715,7922556
0,078064654	0,083	65305,81362	743,4877617
0,080931684	0,088	69257,3816	770,7933585
0,084553247	0,098	77180,63699	805,2851245
0,085366281	0,102	80355,99251	813,0284622
0,087127798	0,105	82726,53997	829,8051508
0,088347321	0,11	86693,79881	841,4198858
0,091192855	0,113	89054,02209	868,520753
0,090786367	0,114	89853,66821	864,6493557
0,097154935	0,126	99342,31055	925,3036002
0,097696958	0,13	102520,2472	930,4658253
0,098238952	0,132	104106,6347	935,6277789
0,099322969	0,132	104096,3105	945,9519576
0,100406986	0,135	106473,3105	956,2761363
0,101084515	0,137	108058,4071	962,7289177
0,101084515	0,138	108854,1818	962,7289177
0,104472043	0,141	111209,2431	994,9917386
0,105149572	0,144	113590,1145	1001,44452
0,105556089	0,146	115177,7923	1005,316189
0,107724094	0,146	115157,1442	1025,964275
0,110298646	0,153	120703,0472	1050,484301
0,111111651	0,157	123878,403	1058,227367
0,112060163	0,157	123869,3693	1067,26099
0,112602185	0,16	126251,5313	1072,423215
0,113550697	0,161	127038,2724	1081,456837
0,11612522	0,164	129401,0767	1105,976592
0,117615754	0,167	131774,205	1120,172439
0,118157748	0,168	132564,8178	1125,334393
0,119919294	0,172	135731,1397	1142,111353
0,120867805	0,174	137313,6555	1151,144975
0,121680811	0,177	139693,2366	1158,888042
0,123035811	0,181	142863,4304	1171,793061
0,125068368	0,182	143639,8471	1191,151134
0,131301459	0,191	150742,4556	1250,515094
0,132656487	0,195	153912,6491	1263,420385
0,132656487	0,196	154708,4238	1263,420385
0,133198482	0,198	156294,8113	1268,582339
0,133333987	0,199	157089,2955	1269,872895
0,133740476	0,199	157085,4241	1273,744292
0,135502021	0,2	157864,4218	1290,521252
0,136857021	0,203	160238,841	1303,426272
0,137670056	0,205	161822,6471	1311,16961
0,14119309	0,208	164176,4178	1344,722987
0,14187059	0,211	166557,2895	1351,175497
0,142412613	0,213	168143,6767	1356,337722
0,144038624	0,215	169719,74	1371,823854
0,147561687	0,219	172869,2852	1405,377503
0,148374721	0,221	174453,0913	1413,12084
0,151084749	0,224	176814,6051	1438,931151
0,153659272	0,229	180768,9589	1463,450906
0,152981772	0,23	181571,1862	1456,998396
0,153388289	0,231	182363,0892	1460,870065
0,156911323	0,235	185512,6347	1494,423442
0,158266352	0,237	187091,2788	1507,328734
0,158943852	0,238	187880,601	1513,781243
0,160027869	0,24	189461,8263	1524,105422
0,163686437	0,244	192610,0809	1558,949627
0,163415426	0,246	194204,2115	1556,368514
0,164770454	0,248	195782,8556	1569,273806
0,165718966	0,248	195773,822	1578,307428
0,167073966	0,25	197352,4664	1591,212448
0,16626096	0,251	198155,9842	1583,469382
0,165718966	0,251	198161,1462	1578,307428
0,170326017	0,251	198117,2686	1622,184984
0,182927705	0,267	210729,6456	1742,20346
0,183876245	0,273	215495,26	1751,237354
0,183876245	0,273	215495,26	1751,237354
0,18604425	0,275	217066,1613	1771,88544
0,188076779	0,277	218638,3529	1791,243241
0,196613438	0,287	226514,797	1872,546386
0,197832932	0,29	228890,5066	1884,160849
0,199052455	0,291	229674,6666	1895,775584
0,201220489	0,293	231245,5677	1916,423941
0,204472541	0,297	234397,694	1947,396478
0,207724563	0,301	237549,8206	1978,368742
0,209621615	0,303	239123,3025	1996,436259
0,212873666	0,306	241479,6541	2027,408795
0,2157192	0,31	244635,6521	2054,509662
0,217209734	0,311	245417,231	2068,705509
0,218158246	0,314	247795,5215	2077,739132
0,22032628	0,315	248570,6479	2098,387489
0,220461786	0,315	248569,3573	2099,678046
0,22032628	0,316	249366,4226	2098,387489
0,223171814	0,317	250135,0964	2125,488357
0,22493336	0,321	253301,4183	2142,265317
0,224797854	0,321	253302,7089	2140,97476
0,224797854	0,322	254098,4836	2140,97476
0,227236871	0,322	254075,2544	2164,203959
0,230488922	0,325	256431,606	2195,176495
0,231437434	0,327	258014,1218	2204,210117
0,233740973	0,328	258787,9576	2226,149031
0,235096002	0,33	260366,6018	2239,054322
0,236722042	0,331	261146,8901	2254,540726
0,242277604	0,338	266664,4019	2307,451904
0,241871087	0,338	266668,2736	2303,580236
0,242819627	0,338	266659,2397	2312,61413
0,242819627	0,338	266659,2397	2312,61413
0,243090582	0,339	267452,4338	2315,194699
0,243226087	0,339	267451,1433	2316,485255
0,244445639	0,341	269031,0777	2328,100262
0,249865724	0,343	270571,0062	2379,721155
0,249594713	0,345	272165,1368	2377,140043
0,248917184	0,345	272171,5896	2370,687261
0,250272241	0,346	272954,4587	2383,592824
0,253930752	0,348	274511,1645	2418,436486
0,255692298	0,35	276085,937	2435,213446
0,257047298	0,352	277664,5814	2448,118466
0,256911821	0,352	277665,8717	2446,828181
0,264770923	0,355	279978,3457	2521,678273
0,266803452	0,36	283937,8615	2541,036074
0,266938957	0,361	284732,3457	2542,326631
0,267751963	0,361	284724,6026	2550,069697
0,267616457	0,361	284725,8931	2548,77914
0,266938957	0,361	284732,3457	2542,326631
0,26653244	0,361	284736,2173	2538,454962
0,26653244	0,361	284736,2173	2538,454962
0,265583929	0,361	284745,2509	2529,421339
0,266125952	0,361	284740,0887	2534,583564
0,26720994	0,361	284729,7648	2544,907472
0,275475617	0,368	290221,4655	2623,629776
0,27753905	0,37	291793,3628	2643,281909
0,279176436	0,371	292573,5431	2658,87638
0,28081388	0,373	294149,4975	2674,471394
0,286544805	0,376	296482,2403	2729,052719
0,2906382	0,379	298830,5789	2768,038217
0,29186639	0,381	300410,4311	2779,735496
0,295959785	0,383	301962,995	2818,720993
0,29718769	0,386	304338,6246	2830,415556
0,298006483	0,387	305126,6011	2838,213742
0,302099878	0,389	306679,1651	2877,19924
0,304146861	0,391	308251,219	2896,694704
0,305784162	0,392	309031,4001	2912,28836
0,310286954	0,394	310580,0649	2955,17295
0,31192454	0,397	312951,7927	2970,769322
0,312743048	0,398	313739,772	2978,564792
0,316836729	0,401	316088,1079	3017,553005
0,31847403	0,403	317664,0637	3033,146661
0,320930124	0,404	318436,4465	3056,538503
0,322567425	0,406	320012,4023	3072,132159
0,324614123	0,407	320788,6843	3091,624908
0,327479614	0,408	321557,1681	3118,915842
0,330345105	0,412	324712,976	3146,206777
0,331163898	0,412	324705,1778	3154,004962
0,340578878	0,417	328594,3831	3243,673236
0,340169482	0,419	330189,8316	3239,774143
0,340988275	0,419	330182,0334	3247,572329
0,340578878	0,419	330185,9325	3243,673236
0,340578878	0,419	330185,9325	3243,673236
0,341397671	0,419	330178,1344	3251,471422
0,340169482	0,419	330189,8316	3239,774143
0,340988275	0,419	330182,0334	3247,572329
0,340578878	0,419	330185,9325	3243,673236
0,340578878	0,419	330185,9325	3243,673236
0,340988275	0,419	330182,0334	3247,572329
0,340988275	0,419	330182,0334	3247,572329
0,340578878	0,419	330185,9325	3243,673236
0,340169482	0,419	330189,8316	3239,774143
0,339760085	0,419	330193,7307	3235,87505
0,340578878	0,419	330185,9325	3243,673236
0,339760085	0,419	330193,7307	3235,87505
0,340988275	0,419	330182,0334	3247,572329
0,340169482	0,419	330189,8316	3239,774143
0,340169482	0,419	330189,8316	3239,774143
0,340169482	0,419	330189,8316	3239,774143
0,340169482	0,419	330189,8316	3239,774143
0,340988275	0,419	330182,0334	3247,572329
0,340169482	0,419	330189,8316	3239,774143
0,340578878	0,419	330185,9325	3243,673236
0,340988275	0,419	330182,0334	3247,572329
0,340988275	0,419	330182,0334	3247,572329
0,340169482	0,419	330189,8316	3239,774143
0,341397671	0,419	330178,1344	3251,471422
0,340988275	0,419	330182,0334	3247,572329
0,340169482	0,419	330189,8316	3239,774143
0,340988275	0,419	330182,0334	3247,572329
0,340578878	0,419	330185,9325	3243,673236
0,340578878	0,419	330185,9325	3243,673236
0,340169482	0,419	330189,8316	3239,774143
0,340578878	0,419	330185,9325	3243,673236
0,340988275	0,419	330182,0334	3247,572329
0,340988275	0,419	330182,0334	3247,572329
0,340169482	0,419	330189,8316	3239,774143
0,340988275	0,419	330182,0334	3247,572329
0,340578878	0,419	330185,9325	3243,673236
0,340988275	0,419	330182,0334	3247,572329
0,340578878	0,419	330185,9325	3243,673236
0,340169482	0,419	330189,8316	3239,774143
0,340578878	0,42	330981,7073	3243,673236
0,340578878	0,419	330185,9325	3243,673236
0,340578878	0,419	330185,9325	3243,673236
0,340578878	0,419	330185,9325	3243,673236
0,340578878	0,419	330185,9325	3243,673236
0,340988275	0,419	330182,0334	3247,572329
0,340578878	0,419	330185,9325	3243,673236
0,341397671	0,419	330178,1344	3251,471422
0,340169482	0,419	330189,8316	3239,774143
0,340169482	0,419	330189,8316	3239,774143
0,336076086	0,419	330228,8171	3200,788646
0,305374766	0,409	322563,4694	2908,389267
0,302918671	0,405	319403,7623	2884,997425
0,302509275	0,405	319407,6614	2881,098333
0,302099878	0,405	319411,5605	2877,19924
0,301690767	0,405	319415,4569	2873,302862
0,302099878	0,405	319411,5605	2877,19924
0,287363313	0,399	314777,2633	2736,84819
0,284497993	0,398	314008,7779	2709,558885
0,284088625	0,397	313216,902	2705,660063
0,27753905	0,396	312483,5054	2643,281909
0,274673587	0,393	310123,4719	2615,991246
0,270170767	0,391	308574,8074	2573,106384
0,259937022	0,387	305489,1747	2475,640196
0,259527654	0,385	303901,5241	2471,741375
0,255843512	0,384	303140,8371	2436,653613
0,238241513	0,377	297738,0556	2269,012171
0,237422806	0,374	295358,5288	2261,2148
0,234147975	0,373	294593,9436	2230,025316
0,23210122	0,372	293817,6621	2210,532024
0,22718906	0,369	291477,1214	2163,748612
0,224323598	0,367	289912,8626	2136,457949
0,223504891	0,366	289124,8853	2128,660578
0,214908561	0,363	286819,4326	2046,789132
0,21081508	0,36	284471,0947	2007,80282
0,208768325	0,358	282899,0386	1988,309528
0,198103944	0,354	279817,5073	1886,741962
0,194987398	0,35	276664,0904	1857,059982
0,190244813	0,347	274321,9347	1811,891598
0,18306321	0,343	271207,2334	1743,494016
0,175610625	0,339	268095,1129	1672,515593
0,166125483	0,333	263410,8012	1582,179097
0,161653909	0,327	258678,7401	1539,591826
0,154743289	0,321	253969,9086	1473,775085
0,145529158	0,314	248487,241	1386,019702
0,142006124	0,311	246133,4702	1352,466324
0,137670056	0,308	243787,4428	1311,16961
0,12899789	0,304	240686,9376	1228,575908
0,121138788	0,297	235191,3647	1153,725816
0,105149572	0,281	222611,2505	1001,44452
0,096477435	0,274	217123,4209	918,8510903
0,071003048	0,247	195880,1217	676,2330265
0,06037111	0,233	184840,5342	574,9744549
0,056643977	0,221	175326,7349	539,4772333
0,048984954	0,214	169829,2564	466,5327008
0,014245005	0,148	117638,9885	135,6694234
0,012896049	0,143	113672,9623	122,8219668
0,012518326	0,141	112085,0103	119,2245378
0,012599265	0,141	112084,2395	119,9953961
0,012545325	0,141	112084,7532	119,4816716
0,01255881	0,141	112084,6248	119,6101027
0,012356478	0,141	112086,5518	117,6830928
0,012747657	0,141	112082,8262	121,4086814
0,012639748	0,141	112083,8539	120,3809609
0,012720687	0,141	112083,0831	121,1518192

 
